# Sample data
x <- 1:187
y <- c(0.1634981,
       0.23003803,
       0.25423726,
       0.26045627,
       0.26235741,
       0.26615969,
       0.2661597,
       0.26634385,
       0.28326996,
       0.29577465,
       0.33269962,
       0.33333333,
       0.33414039,
       0.34600761,
       0.34624701,
       0.34741788,
       0.36619718,
       0.36692015,
       0.37530263,
       0.3770492,
       0.384075,
       0.38498788,
       0.38593156,
       0.39436617,
       0.39436624,
       0.3973384,
       0.4004684,
       0.40684411,
       0.4074942,
       0.40845069,
       0.40845073,
       0.41634981,
       0.42015209,
       0.42253521,
       0.42395437,
       0.4262295,
       0.4262295,
       0.43346008,
       0.43536122,
       0.43661975,
       0.43726236,
       0.4391635,
       0.44106464,
       0.4449649,
       0.44866921,
       0.4496487,
       0.4543326,
       0.45437263,
       0.45539901,
       0.45539902,
       0.4566745,
       0.4581749,
       0.46009393,
       0.46478876,
       0.46577946,
       0.46731232,
       0.4683841,
       0.4730679,
       0.47417837,
       0.47417842,
       0.47528517,
       0.47718631,
       0.47718631,
       0.4777517,
       0.47887328,
       0.47908745,
       0.4800937,
       0.48356803,
       0.48356805,
       0.48356808,
       0.4847776,
       0.48910408,
       0.4894614,
       0.4918033,
       0.49239544,
       0.49765253,
       0.49765256,
       0.49765259,
       0.49809886,
       0.498829,
       0.501171,
       0.501171,
       0.50234741,
       0.50234743,
       0.50380228,
       0.50704228,
       0.50704228,
       0.5070423,
       0.5081967,
       0.50847462,
       0.5108959,
       0.51173706,
       0.51173706,
       0.51573851,
       0.51573854,
       0.51643188,
       0.5164319,
       0.51711027,
       0.52112676,
       0.5211268,
       0.5245901,
       0.52542377,
       0.52851711,
       0.5292741,
       0.53051638,
       0.5305164,
       0.53051646,
       0.5316159,
       0.53231939,
       0.53802281,
       0.53990606,
       0.53990612,
       0.53990614,
       0.53992396,
       0.5433255,
       0.5433256,
       0.5433256,
       0.5480093,
       0.5492958,
       0.5503513,
       0.5503513,
       0.55205808,
       0.55205811,
       0.5550351,
       0.55690075,
       0.55868543,
       0.55868544,
       0.55932202,
       0.55932205,
       0.56338027,
       0.5644028,
       0.56807512,
       0.56900726,
       0.5690867,
       0.5690867,
       0.5737705,
       0.5761124,
       0.5761124,
       0.57627122,
       0.5784543,
       0.57869252,
       0.58111375,
       0.58111378,
       0.58111382,
       0.58353513,
       0.58595637,
       0.58685443,
       0.5878221,
       0.58837772,
       0.58837775,
       0.590799,
       0.59079908,
       0.59125475,
       0.5925059,
       0.59322033,
       0.5948478,
       0.5948478,
       0.60048427,
       0.6018735,
       0.60290557,
       0.60532691,
       0.60532691,
       0.6065574,
       0.60774822,
       0.6112412,
       0.6112412,
       0.61501216,
       0.615925,
       0.61971833,
       0.61985467,
       0.6252927,
       0.62953991,
       0.62953992,
       0.62953999,
       0.63196127,
       0.6319613,
       0.63380281,
       0.63438261,
       0.6370024,
       0.64406775,
       0.64788733,
       0.6510538,
       0.6513317,
       0.65375305,
       0.65859567,
       0.6779661,
       0.69007261)

# Plot the line chart
plot(x, y, type = "l", col = "blue", lwd = 6, 
     xlab = "Items", 
     ylab = "Percentage",
     main = "Percentage of the responses in the central categories 3 and 4")
abline(h = 0.5, col = "red", lty = 2, lwd = 4)


install.packages('qrcode')
library(qrcode)
code <- qr_code("https://github.com/IkerSoria/An_approach_to_the_study_of_the_social_perception_of_science")
plot(code)